00000000000000000000000000000000
00000000000000000000000000000100
00000000000000000000000000001000
00000000000000000000000000001100
00000000000000000000000000010000
00000000000000000000000000010100
00000000000000000000000000011000
00000000000000000000000000011100
00000000000000000000000000100000
00000000000000000000000000100100
00000000000000000000000000101000
00000000000000000000000000101100
00000000000000000000000000110000
00000000000000000000000000110100
00000000000000000000000000111000
00000000000000000000000000111100
00000000000000000000000001000000
00000000000000000000000001000100
00000000000000000000000001001000
00000000000000000000000001001100
00000000000000000000000001010000
00000000000000000000000001010100
00000000000000000000000001011000
00000000000000000000000001011100
00000000000000000000000001100000
00000000000000000000000001100100
00000000000000000000000001101000
00000000000000000000000001101100
00000000000000000000000001110000
00000000000000000000000001110100
00000000000000000000000001111000
00000000000000000000000001111100
00000000000000000000000010000000
00000000000000000000000010000100
00000000000000000000000010001000
00000000000000000000000010001100
00000000000000000000000010010000
00000000000000000000000010010100
00000000000000000000000010011000
00000000000000000000000010011100
00000000000000000000000010100000
00000000000000000000000010100100
00000000000000000000000010101000
00000000000000000000000010101100
00000000000000000000000010110000
00000000000000000000000010110100
00000000000000000000000010111000
00000000000000000000000010111100
00000000000000000000000011000000
00000000000000000000000011000100
00000000000000000000000011001000
00000000000000000000000011001100
00000000000000000000000011010000
00000000000000000000000011010100
00000000000000000000000011011000
00000000000000000000000011011100
00000000000000000000000011100000
00000000000000000000000011100100
00000000000000000000000011101000
00000000000000000000000011101100
00000000000000000000000011110000
00000000000000000000000011110100
00000000000000000000000011111000
00000000000000000000000011111100
00000000000000000000000100000000
00000000000000000000000100000100
00000000000000000000000100001000
00000000000000000000000100001100
00000000000000000000000100010000
00000000000000000000000100010100
00000000000000000000000100011000
00000000000000000000000100011100
00000000000000000000000100100000
00000000000000000000000100100100
00000000000000000000000100101000
00000000000000000000000100101100
00000000000000000000000100110000
00000000000000000000000100110100
00000000000000000000000100111000
00000000000000000000000100111100
00000000000000000000000101000000
00000000000000000000000101000100
00000000000000000000000101001000
00000000000000000000000101001100
00000000000000000000000101010000
00000000000000000000000101010100
00000000000000000000000101011000
00000000000000000000000101011100
00000000000000000000000101100000
00000000000000000000000101100100
00000000000000000000000101101000
00000000000000000000000101101100
00000000000000000000000101110000
00000000000000000000000101110100
00000000000000000000000101111000
00000000000000000000000101111100
00000000000000000000000110000000
00000000000000000000000110000100
00000000000000000000000110001000
00000000000000000000000110001100
00000000000000000000000110010000
00000000000000000000000110010100
00000000000000000000000110011000
00000000000000000000000110011100
00000000000000000000000110100000
00000000000000000000000110100100
00000000000000000000000110101000
00000000000000000000000110101100
00000000000000000000000110110000
00000000000000000000000110110100
00000000000000000000000110111000
00000000000000000000000110111100
00000000000000000000000111000000
00000000000000000000000111000100
00000000000000000000000111001000
00000000000000000000000111001100
00000000000000000000000111010000
00000000000000000000000111010100
00000000000000000000000111011000
00000000000000000000000111011100
00000000000000000000000111100000
00000000000000000000000111100100
00000000000000000000000111101000
00000000000000000000000111101100
00000000000000000000000111110000
00000000000000000000000111110100
00000000000000000000000111111000
00000000000000000000000111111100
00000000000000000000001000000000
00000000000000000000001000000100
00000000000000000000001000001000
00000000000000000000001000001100
00000000000000000000001000010000
00000000000000000000001000010100
00000000000000000000001000011000
00000000000000000000001000011100
00000000000000000000001000100000
00000000000000000000001000100100
00000000000000000000001000101000
00000000000000000000001000101100
00000000000000000000001000110000
00000000000000000000001000110100
00000000000000000000001000111000
00000000000000000000001000111100
00000000000000000000001001000000
00000000000000000000001001000100
00000000000000000000001001001000
00000000000000000000001001001100
00000000000000000000001001010000
00000000000000000000001001010100
00000000000000000000001001011000
00000000000000000000001001011100
00000000000000000000001001100000
00000000000000000000001001100100
00000000000000000000001001101000
00000000000000000000001001101100
00000000000000000000001001110000
00000000000000000000001001110100
00000000000000000000001001111000
00000000000000000000001001111100
00000000000000000000001010000000
00000000000000000000001010000100
00000000000000000000001010001000
00000000000000000000001010001100
00000000000000000000001010010000
00000000000000000000001010010100
00000000000000000000001010011000
00000000000000000000001010011100
00000000000000000000001010100000
00000000000000000000001010100100
00000000000000000000001010101000
00000000000000000000001010101100
00000000000000000000001010110000
00000000000000000000001010110100
00000000000000000000001010111000
00000000000000000000001010111100
00000000000000000000001011000000
00000000000000000000001011000100
00000000000000000000001011001000
00000000000000000000001011001100
00000000000000000000001011010000
00000000000000000000001011010100
00000000000000000000001011011000
00000000000000000000001011011100
00000000000000000000001011100000
00000000000000000000001011100100
00000000000000000000001011101000
00000000000000000000001011101100
00000000000000000000001011110000
00000000000000000000001011110100
00000000000000000000001011111000
00000000000000000000001011111100
00000000000000000000001100000000
00000000000000000000001100000100
00000000000000000000001100001000
00000000000000000000001100001100
00000000000000000000001100010000
00000000000000000000001100010100
00000000000000000000001100011000
00000000000000000000001100011100
00000000000000000000001100100000
00000000000000000000001100100100
00000000000000000000001100101000
00000000000000000000001100101100
00000000000000000000001100110000
00000000000000000000001100110100
00101001111000001000110101101000
00101100011001101010000100101100
00010010011111010101001101111010
00100000110100111110100111000111
00011100100011101111100001001110
00010100001111100000101000011111
00100011101011110000110111011000
00110010111101101101111001011101
00011011001110010001011111110101
00010110101110001101111010111101
00111000111010010110100111111010
00111111000100010001110000001101
00101011000000010011111001111110
00101110101101101010010001011101
00100100110100111100010001011010
00111110001111110011100111111010
00111000100111011100101000001101
00100010101001110101101101000111
00001011000001110111111101111101
00010101101000110010000011110101
00001010010111001110010110100101
00011111001011100010010110100001
00001000101101100001101111111010
00001101010010000000011110001010
00000011010101011111111110011100
00110111000001011110101101011010
00101111001010100010001001011110
00011101101000101111001101001101
00101001101001111101101010101111
00111111101111001001101000111110
00010110101101000111110101111010
00100101010010111010111000010011
00010101010100111110000111110011
00101001100111010000111111011110
00001010100110101000100101111110
00101011000101011111011001111110
00000111010010001000111101001101
00001001110101001100010010101111
00011100010011111000101100011010
00001010101010101100101010111111
00101000110101111001000011111011
00011000100110001110001111111011
00100100110000110101110000011010
00111101110111101001011111011110
00000011011011101001110110111010
00101011110011011110000110011000
00001111010011100010011010110100
00010000000111011101010010110100
00101101000110110100111100011101
00001000101000010110001101011000
